41 30 25 68 61 53 54 86 36 66 96 47 85 17 40 62 90 25 87 25 64 63 28 58 34 75 76 7 68 95 60 92 44 14 0 
85 83 61 0 91 79 66 77 71 82 20 49 61 98 40 65 7 29 63 42 98 13 14 23 88 41 57 1 95 8 47 13 67 87 56 
41 23 23 90 25 15 32 87 30 20 9 75 43 91 20 19 77 18 3 22 68 8 46 1 95 94 13 71 35 66 68 88 89 26 21 
19 59 40 99 63 35 29 97 44 38 95 56 55 86 71 3 21 91 86 28 83 10 52 49 13 88 57 81 87 66 39 35 18 64 90 
97 64 99 46 72 25 93 7 87 47 29 46 53 99 83 54 92 77 99 81 2 59 40 52 11 97 72 11 94 16 49 57 50 72 2 
77 16 30 40 45 7 51 21 86 97 88 98 90 2 19 50 32 69 70 72 92 36 83 42 97 28 22 38 23 60 33 70 32 98 87 
4 45 34 71 9 76 78 91 44 65 33 49 26 82 23 34 46 41 14 41 50 25 37 15 94 98 34 85 24 8 56 16 58 75 85 
97 75 80 88 55 8 35 46 80 59 64 14 73 66 71 3 75 82 98 74 64 31 49 94 29 72 7 58 38 64 59 29 45 28 32 
85 1 70 98 46 14 63 60 7 42 23 23 30 21 34 30 38 79 59 64 65 34 10 76 98 44 94 59 55 98 68 52 50 57 6 
81 5 55 80 49 9 47 84 46 32 47 61 28 94 67 21 52 27 19 17 34 47 26 64 76 90 71 22 32 72 72 43 8 53 31 
